idAcess: 54, 2, 23, 28, 19, 27, 10, 12, 67, 39, 86, 74, 83, 32, 80
itensDePedidosAtendidos: 2, 21, 37, 46, 49, 5, 11, 18, 19, 50, 7, 12, 13, 34, 1, 25, 32, 48, 14, 17, 40, 35, 42, 28, 51, 8, 33, 45, 0, 39, 10, 20, 16, 26, 31, 27
pedidosAtendidos: 1, 3, 4, 5, 7, 8, 10, 12, 14
totalUnidades: 39
score: 2.6
Tempo Gasto Heuristica: 0.006689100002404302
Tempo Gasto RSO: 0.6845392999821343
