idAcess: 54, 23, 28, 19, 70, 27, 90, 16, 72, 88, 74, 1, 20, 32, 46, 42, 56, 82
itensDePedidosAtendidos: 2, 21, 37, 46, 49, 7, 12, 13, 34, 1, 25, 32, 48, 14, 17, 19, 40, 31, 41, 42, 44, 35, 4, 24, 43, 38, 52, 57, 3, 51, 0, 39, 20, 18, 22, 15, 9, 58, 36, 50
pedidosAtendidos: 1, 3, 8, 10, 11, 12, 15
totalUnidades: 37
score: 2.0555555555555554
Tempo Gasto Heuristica: 0.0026233000098727643
Tempo Gasto RSO: 0.8935977999935858
