idAccess: 54, 2, 23, 28, 38, 27, 10, 88, 12, 67, 74, 32, 26, 80
itensDePedidosAtendidos: 2, 21, 37, 46, 49, 5, 11, 18, 19, 50, 7, 12, 13, 34, 1, 25, 32, 48, 10, 16, 35, 42, 28, 51, 0, 39, 8, 33, 45, 20, 31, 17, 27
pedidosAtendidos: 3, 4, 7, 8, 10, 12, 14
totalUnidades: 35
score: 2.5
Tempo gasto para construir a Heuristica: 0.00228909999714233
Tempo gasto para construir o Refinamento: 0.0013447999954223633
Tempo gasto para construir o RSO: 0.5079885000013746
