idCorredor: 159, 87, 124, 24, 49, 262, 16, 78, 286, 160, 248, 88, 2, 70, 0, 126, 236, 52, 114, 258, 237, 40, 280, 37, 155, 41, 79, 100, 81, 242, 31, 150, 235, 216, 232, 60, 42, 263, 299, 10, 1, 162, 187, 33, 273, 269, 109
itensDePedidosAtendidos: 0, 12, 20, 65, 86, 103, 106, 122, 125, 128, 138, 139, 179, 207, 33, 46, 126, 148, 152, 197, 206, 59, 76, 95, 99, 132, 140, 157, 216, 66, 131, 156, 180, 28, 71, 111, 159, 189, 45, 13, 58, 96, 53, 109, 133, 161, 165, 173, 174, 195, 215, 35, 154, 32, 114, 145, 158, 198, 200, 93, 69, 123, 193, 219, 16, 30, 97, 170, 218, 9, 57, 62, 135, 151, 7, 52, 23, 153, 210, 42, 68, 80, 100, 203, 15, 112, 181, 101, 183, 213, 26, 39, 72, 185, 8, 82, 94, 108, 41, 73, 56, 98, 175, 75, 167, 209, 81, 85, 182, 74, 150, 212, 5, 92, 127, 178, 14, 49, 176, 177, 78, 171, 196, 83, 117, 214, 10, 48, 60, 40, 164, 89, 116, 29, 31, 79, 64, 77, 87, 90, 147, 113, 124, 18, 22, 191, 169, 163, 1, 146, 47
pedidosAtendidos: 1, 3, 5, 6, 7, 12, 15, 19, 21, 24, 25, 31, 32, 33, 36, 38, 40, 42, 44, 49, 50, 51, 54, 55, 57, 58, 59, 63, 64, 66, 67, 68, 69
tamanho: 142
score: 3.021276595744681
Tempo gasto para construir o RSO: 6.00668030000088

Heuristica
Score: 0.695852534562212
Tempo: 0.012022700000670739

Heuristica Refinamento
Score: 0.8693181818181818
Tempo: 0.03419430000030843
