idAcess: 1, 3
itensDePedidosAtendidos: 0, 1, 2, 4, 3
pedidosAtendidos: 0, 1, 2, 4
totalUnidades: 10
score: 5.0
Tempo Gasto Heuristica: 0.0003643999807536602
Tempo Gasto RSO: 0.11858509999001399
