idAcess: 37
itensDePedidosAtendidos: 7, 53, 55, 82, 91, 96, 119, 133, 168, 226, 235, 283, 306, 348, 365, 387, 404, 425, 456, 485, 515, 550, 626, 627, 690, 692, 702, 703, 740, 744, 763, 794, 817, 906, 916, 944, 958, 972, 985, 1012, 1021, 1028, 1039, 1046, 1063, 1079, 1085, 1087, 1104, 1118, 1127, 1131, 1146, 1173, 1186, 1187, 1189, 1198, 1199, 1203, 1205, 1222, 1241, 1242, 1256, 1264, 1271, 1277, 1286, 1289, 1308, 1389, 1390, 1417, 1425, 1482, 1486, 1498, 1519, 1551, 1562, 1563, 1567, 1572, 1590, 1632, 1639, 1683, 1704, 1708, 1719, 1743, 1750, 1773, 1781, 1782, 1809, 1816, 1850, 1855, 1871, 1911, 1920, 1923, 1971, 1994, 2016, 2024, 2025, 2029, 2069, 2074, 2080, 2086, 2088, 2112, 2122, 2138, 2152, 2157, 2172, 2179, 2214, 2248, 2259, 2295
pedidosAtendidos: 520, 1544, 1546, 523, 2569, 525, 2573, 17, 18, 2066, 535, 2586, 2083, 38, 1064, 2601, 1579, 2604, 2610, 1077, 1590, 1080, 60, 61, 2621, 63, 65, 2116, 1605, 1609, 2634, 2130, 595, 1621, 2654, 95, 612, 614, 2664, 110, 2673, 114, 1655, 1656, 637, 1667, 1676, 2195, 665, 1690, 159, 162, 1700, 1198, 175, 1215, 706, 198, 710, 1226, 207, 2259, 1752, 2266, 225, 227, 1253, 1787, 765, 1278, 2302, 782, 783, 1297, 275, 1306, 283, 802, 2343, 299, 2349, 304, 309, 1850, 1343, 834, 840, 337, 338, 2390, 2391, 1374, 868, 357, 873, 1392, 2418, 375, 2423, 377, 380, 905, 1420, 398, 2447, 2449, 403, 2456, 922, 1955, 1446, 2474, 940, 1453, 1457, 436, 960, 1472, 462, 465, 2515, 2004, 2520, 476, 2525, 2538, 1527, 1532, 1021
totalUnidades: 146
score: 146.0
Tempo Gasto Heuristica: 0.34690790000604466
Tempo Gasto RSO: 8.634622099983972
