idAccess: 35
itensDePedidosAtendidos: 9, 49, 69, 114, 133, 145, 169, 216, 226, 274, 285, 298, 303, 314, 315, 327, 355, 367, 368, 376, 390, 393, 402, 404, 409, 413, 414, 437, 439, 452, 462, 482, 492, 498, 499, 504, 507, 539, 540, 553, 557, 570, 596, 597, 599, 629, 644, 647, 659, 674, 677, 685, 733, 738, 743, 749, 757, 759, 783, 786, 791, 796, 820, 841, 845, 878, 884, 886, 897, 904, 906, 910, 912, 937, 969, 972, 973, 974, 977, 983, 996, 997, 1001, 1003, 1015, 1046
pedidosAtendidos: 0, 1, 12, 15, 1040, 17, 532, 24, 1051, 540, 35, 37, 551, 41, 1075, 53, 570, 575, 577, 1089, 67, 579, 69, 71, 585, 1097, 1098, 589, 84, 598, 601, 98, 107, 642, 133, 140, 144, 661, 152, 664, 162, 677, 683, 701, 191, 202, 720, 732, 221, 224, 238, 240, 756, 245, 764, 767, 769, 260, 779, 268, 786, 794, 798, 814, 819, 823, 829, 318, 325, 333, 847, 849, 346, 349, 350, 863, 358, 365, 878, 899, 398, 914, 917, 920, 923, 926, 941, 449, 972, 973, 977, 989, 995, 1011, 1021
totalUnidades: 95
score: 95.0
Tempo gasto para construir a Heuristica: 0.10193660000368254
Tempo gasto para construir o Refinamento: 0.030289900001662318
Tempo gasto para construir o RSO: 4.471404500000062
