idAccess: 16, 102, 80, 63, 61, 91, 86, 99, 20, 90, 89, 46
itensDePedidosAtendidos: 4, 31, 32, 35, 51, 55, 59, 61, 71, 73, 85, 90, 99, 112, 113, 128, 134, 137, 138, 144, 181, 205, 218, 231, 242, 64, 65, 80, 87, 88, 105, 115, 120, 129, 135, 145, 162, 175, 217, 245, 17, 22, 24, 26, 75, 89, 111, 131, 179, 185, 220, 222, 223, 228, 244, 8, 69, 107, 118, 150, 165, 178, 198, 201, 209, 212, 219, 230, 243, 53, 66, 114, 127, 142, 157, 164, 183, 189, 190, 204, 211, 213, 146, 153, 160, 168, 227, 239, 15, 19, 28, 74, 86, 106, 191, 215, 62, 77, 78, 82, 96, 139, 140, 199, 40, 101, 174, 195, 203, 235, 10, 29, 124, 202, 70, 117
pedidosAtendidos: 3, 4, 5, 9, 11, 13, 19, 22, 28, 29, 47, 55, 57, 62, 63, 66, 71, 72, 74, 78
totalUnidades: 105
score: 8.75
Tempo gasto para construir a Heuristica: 0.018018499999016058
Tempo gasto para construir o Refinamento: 0.0026060000018333085
Tempo gasto para construir o RSO: 1.2976812999986578
