idCorredor: 18, 1
itensDePedidosAtendidos: 0, 36, 37, 39, 43, 55, 67, 82, 97, 101, 111, 124, 125, 134, 140, 151, 161, 164, 194, 195, 201, 216, 220, 224, 225, 226, 266, 278, 284, 298, 299, 301, 305, 323, 339, 343, 352, 365, 374, 378, 390, 395, 9, 22, 29, 71, 84, 98, 105, 107, 117, 120, 127, 133, 155, 163, 173, 182, 189, 190, 197, 212, 219, 238, 244, 249, 292, 336, 361, 368, 380, 388, 392
pedidosAtendidos: 0, 128, 257, 3, 136, 264, 138, 266, 268, 398, 16, 152, 153, 26, 27, 154, 155, 411, 412, 288, 33, 290, 291, 416, 171, 44, 45, 47, 49, 52, 183, 312, 316, 318, 64, 192, 328, 201, 203, 331, 333, 78, 335, 209, 84, 85, 213, 343, 217, 92, 93, 221, 222, 350, 227, 356, 101, 103, 232, 106, 364, 109, 110, 239, 368, 113, 114, 241, 369, 374, 377, 381, 127
tamanho: 73
score: 36.5
Tempo gasto para construir o RSO: 12.05406110000331

Heuristica
Score: 10.176470588235293
Tempo: 0.004890299998805858

Heuristica Refinamento
Score: 21.0
Tempo: 0.007365999998000916
