idAccess: 10
itensDePedidosAtendidos: 69, 124, 131, 151, 191, 248, 259, 437, 454, 529, 532, 616, 661, 665, 677, 777, 778, 797, 826, 831, 834, 843, 890, 985, 1074, 1085, 1120, 1164, 1292, 1323, 1403, 1454, 1520, 1532, 1701, 1746, 1757, 1759, 1810, 1835, 1873, 1917, 1926, 2023, 2028, 2029, 2101, 2169, 2253, 2273, 2276, 2376, 2410, 2411, 2426, 2520, 2528, 2680, 2687, 2737, 2758, 2843, 2848, 2898, 2942, 2947, 2965, 2991, 3007, 3049, 3211, 3227, 3240, 3246, 3295, 3402, 3450, 3464, 3486, 3495, 3599, 3651, 3653, 3665, 3679, 3699, 3712, 3718, 3764, 3766, 3810, 3828, 3902, 3972, 3991, 4011, 4035, 4094, 4122, 4191, 4283, 4326, 4361, 4402, 4667, 4689, 4727, 4747, 4798, 4800, 4848, 4951, 4959, 4969, 5000, 5050, 5093, 5097, 5105, 5164, 5169, 5189, 5317, 5339, 5382, 5479, 5527, 5576, 5577, 5578, 5585, 5641, 5824, 6058, 6085, 6100, 6143, 6158, 6205, 6325, 6345, 6418, 6444, 6462, 6573
pedidosAtendidos: 1032, 16, 3603, 4627, 7188, 535, 5147, 2076, 4636, 6173, 5155, 1573, 2599, 4649, 2093, 3632, 5169, 5682, 6706, 4665, 1597, 1086, 4673, 3650, 6725, 1094, 584, 3658, 80, 7248, 595, 6739, 1112, 2648, 620, 4717, 1648, 4722, 5748, 3189, 6262, 7288, 2681, 7289, 3201, 2180, 135, 2184, 4231, 1677, 4237, 1167, 6801, 2707, 2201, 7327, 7330, 1699, 1198, 1204, 1211, 4801, 2245, 2759, 717, 3791, 1745, 723, 2271, 4321, 5857, 228, 1255, 3818, 5867, 3308, 749, 2285, 3821, 4336, 4338, 250, 4349, 1282, 5890, 2820, 4869, 4359, 4365, 270, 1807, 1296, 5904, 2324, 4374, 3869, 1822, 799, 1315, 299, 4912, 6456, 5945, 316, 6462, 5953, 5451, 2897, 338, 3410, 5463, 7004, 3935, 7013, 360, 4969, 6511, 3960, 3961, 895, 3970, 1923, 6530, 4492, 6540, 1422, 1429, 7062, 410, 5532, 6558, 3488, 4515, 4004, 5027, 3495, 2474, 6074, 5056, 1986, 4554, 4564, 983, 5594, 1503, 7138, 7141, 5606, 3562, 5623, 5625, 3067, 1020, 4094
totalUnidades: 182
score: 182.0
Tempo gasto para construir o RSO: 21.248692099994514

Heuristica
Score: 45.6375
Tempo: 2.179255299997749

Heuristica Refinamento
Score: 49.58108108108108
Tempo: 2.5180773000174668
