idAcess: 50, 24, 287, 49, 262, 16, 78, 286, 277, 161, 88, 2, 180, 0, 144, 236, 47, 52, 65, 114, 18, 258, 8, 237, 80, 155, 113, 100, 61, 295, 239, 300, 81, 242, 222, 150, 235, 216, 182, 102, 263, 299, 4, 10, 1, 22, 137, 218, 119, 162, 200, 273, 269, 30, 93
itensDePedidosAtendidos: 12, 20, 66, 103, 106, 111, 125, 159, 206, 221, 33, 86, 131, 132, 156, 157, 180, 96, 148, 151, 218, 28, 59, 71, 139, 189, 45, 179, 13, 58, 126, 53, 109, 133, 161, 165, 173, 174, 195, 0, 65, 95, 128, 215, 2, 14, 40, 75, 167, 185, 135, 93, 140, 32, 69, 123, 193, 198, 219, 30, 78, 97, 190, 196, 9, 57, 62, 158, 67, 112, 142, 175, 7, 52, 145, 44, 149, 23, 152, 153, 210, 216, 5, 41, 42, 68, 80, 100, 203, 204, 15, 181, 91, 105, 168, 169, 101, 183, 213, 3, 60, 82, 108, 56, 98, 26, 39, 136, 74, 150, 212, 192, 24, 29, 19, 114, 92, 127, 178, 49, 176, 177, 155, 214, 83, 117, 10, 48, 94, 164, 129, 187, 115, 205, 64, 77, 87, 90, 147, 6, 88, 113, 124, 182, 18, 22, 116, 200, 54, 50, 120, 188, 202, 191, 31, 220, 1, 146, 170, 119, 38
pedidosAtendidos: 1, 3, 5, 6, 7, 9, 10, 15, 19, 21, 22, 23, 24, 27, 28, 31, 32, 33, 37, 38, 40, 42, 44, 47, 49, 50, 51, 53, 54, 55, 57, 58, 59, 62, 63, 64, 65, 68, 69
totalUnidades: 145
score: 2.6363636363636362
Tempo Gasto Heuristica: 0.07600479997927323
Tempo Gasto RSO: 18.708392300002743
