idAcess: 54, 2, 23, 28, 19, 38, 27, 10, 12, 67, 39, 32, 58, 29, 76
itensDePedidosAtendidos: 2, 21, 37, 46, 49, 5, 11, 18, 19, 50, 7, 12, 13, 34, 1, 25, 32, 48, 14, 17, 40, 10, 16, 35, 42, 28, 51, 8, 33, 45, 0, 39, 31, 20, 6, 30
pedidosAtendidos: 0, 1, 3, 4, 8, 10, 12, 14
totalUnidades: 38
score: 2.533333333333333
Tempo Gasto Heuristica: 0.00163720001000911
Tempo Gasto RSO: 0.8012744999723509
