idAccess: 2, 23, 28, 70, 90, 16, 72, 48, 1, 32, 77, 46, 42, 59, 31, 36, 69, 4, 47, 78
itensDePedidosAtendidos: 5, 11, 18, 19, 50, 7, 12, 13, 34, 1, 25, 32, 48, 31, 41, 42, 44, 4, 24, 43, 38, 52, 57, 3, 51, 36, 22, 54, 9, 58, 40, 26, 29, 55, 15, 20
pedidosAtendidos: 1, 2, 3, 5, 6, 8, 10, 11, 13, 15
totalUnidades: 40
score: 2.0
Tempo gasto para construir o RSO: 0.5998722999356687

Heuristica
Score: 0.543859649122807
Tempo: 0.0007684000302106142

Heuristica Refinamento
Score: 0.6666666666666666
Tempo: 0.0015759000089019537
