idAcess: 37
itensDePedidosAtendidos: 7, 53, 55, 82, 91, 96, 119, 133, 168, 226, 235, 283, 306, 348, 365, 387, 404, 425, 456, 485, 515, 550, 626, 627, 690, 692, 702, 703, 740, 744, 763, 794, 817, 906, 916, 944, 958, 972, 985, 1012, 1021, 1028, 1039, 1046, 1063, 1079, 1085, 1087, 1104, 1118, 1127, 1131, 1146, 1173, 1186, 1187, 1189, 1198, 1199, 1203, 1205, 1222, 1241, 1242, 1256, 1264, 1271, 1277, 1286, 1289, 1308, 1389, 1390, 1417, 1425, 1482, 1486, 1498, 1519, 1551, 1562, 1563, 1567, 1572, 1590, 1632, 1639, 1683, 1704, 1708, 1719, 1743, 1750, 1773, 1781, 1782, 1809, 1816, 1850, 1855, 1871, 1911, 1920, 1923, 1971, 1994, 2016, 2024, 2025, 2029, 2069, 2074, 2080, 2086, 2088, 2112, 2122, 2138, 2152, 2157, 2172, 2179, 2214, 2248, 2259, 2295
pedidosAtendidos: 17, 18, 38, 60, 61, 63, 65, 95, 110, 114, 159, 162, 175, 198, 207, 225, 227, 275, 283, 299, 304, 309, 337, 338, 357, 375, 377, 380, 398, 403, 436, 462, 465, 476, 520, 523, 525, 535, 595, 612, 614, 637, 665, 706, 710, 765, 782, 783, 802, 834, 840, 868, 873, 905, 922, 940, 960, 1021, 1064, 1077, 1080, 1198, 1215, 1226, 1253, 1278, 1297, 1306, 1343, 1374, 1392, 1420, 1446, 1453, 1457, 1472, 1527, 1532, 1544, 1546, 1579, 1590, 1605, 1609, 1621, 1655, 1656, 1667, 1676, 1690, 1700, 1752, 1787, 1850, 1955, 2004, 2066, 2083, 2116, 2130, 2195, 2259, 2266, 2302, 2343, 2349, 2390, 2391, 2418, 2423, 2447, 2449, 2456, 2474, 2515, 2520, 2525, 2538, 2569, 2573, 2586, 2601, 2604, 2610, 2621, 2634, 2654, 2664, 2673
totalUnidades: 146
score: 146.0
Tempo Gasto Heuristica: 0.5170373999862932
Tempo Gasto RSO: 67.62983960000565
