idAcess: 159, 124, 50, 24, 49, 125, 262, 16, 78, 274, 197, 277, 248, 88, 169, 180, 70, 201, 0, 111, 126, 144, 77, 236, 47, 52, 114, 258, 283, 40, 80, 155, 41, 113, 79, 295, 192, 257, 81, 157, 242, 278, 176, 222, 150, 216, 102, 7, 42, 95, 165, 299, 10, 168, 1, 120, 224, 137, 213, 238, 131, 162, 246, 25
itensDePedidosAtendidos: 0, 12, 20, 65, 86, 103, 106, 122, 125, 128, 138, 139, 179, 207, 59, 76, 95, 99, 132, 140, 148, 157, 197, 206, 216, 66, 111, 159, 221, 33, 131, 156, 180, 28, 71, 189, 35, 58, 166, 177, 45, 13, 96, 126, 53, 109, 133, 161, 165, 173, 174, 195, 37, 41, 50, 88, 92, 145, 27, 36, 2, 14, 40, 75, 167, 185, 32, 114, 158, 198, 200, 93, 69, 188, 193, 205, 30, 78, 97, 190, 196, 16, 170, 218, 61, 107, 9, 57, 62, 101, 135, 151, 67, 112, 142, 175, 48, 80, 100, 162, 7, 52, 44, 149, 23, 152, 153, 210, 42, 68, 203, 15, 181, 213, 26, 39, 72, 3, 60, 82, 108, 56, 98, 209, 136, 81, 85, 182, 24, 29, 73, 219, 5, 127, 178, 110, 199, 49, 176, 84, 105, 169, 55, 155, 214, 83, 117, 94, 164, 74, 115, 10, 184, 79, 183, 90, 147, 113, 124, 17, 31, 18, 22, 116, 34, 172, 54, 120, 212, 191, 4, 51
pedidosAtendidos: 1, 2, 3, 4, 6, 7, 9, 13, 15, 18, 19, 20, 21, 23, 24, 25, 26, 30, 31, 32, 33, 34, 36, 37, 38, 39, 42, 44, 46, 47, 49, 51, 53, 54, 55, 56, 57, 58, 59, 62, 64, 69
totalUnidades: 145
score: 2.265625
Tempo Gasto Heuristica: 0.040176200040150434
Tempo Gasto RSO: 12.79855129995849
