idAccess: 218, 142, 30, 181, 63, 286, 327, 101, 262, 84, 144, 299, 107, 119, 268, 250, 100, 186, 310, 230, 23, 226, 174, 217, 26, 287, 38
itensDePedidosAtendidos: 30, 37, 97, 99, 108, 119, 142, 163, 183, 191, 195, 218, 224, 312, 103, 176, 219, 270, 320, 336, 7, 11, 36, 80, 211, 214, 232, 297, 299, 326, 333, 24, 43, 52, 85, 114, 226, 248, 169, 203, 227, 47, 49, 93, 150, 161, 166, 199, 208, 308, 15, 62, 83, 84, 109, 131, 225, 12, 16, 51, 67, 228, 303, 20, 76, 129, 160, 207, 222, 117, 157, 186, 265, 32, 206, 56, 314, 324, 330, 64, 107, 110, 253, 254, 5, 190, 216, 245, 259, 261, 113, 145, 258, 21, 59, 170, 277, 143, 201, 4, 39, 257, 278, 54, 53, 137, 167, 323, 35, 81, 27, 196, 197, 74, 106, 255, 26, 158, 3, 121, 188, 66, 73, 301, 138, 220, 275
pedidosAtendidos: 1, 129, 131, 4, 132, 8, 14, 21, 25, 38, 42, 54, 56, 61, 69, 75, 76, 82, 89, 94, 97, 98, 102, 103, 105, 106, 111, 112, 114, 116, 123, 125
totalUnidades: 132
score: 4.888888888888889
Tempo gasto para construir a Heuristica: 0.054802400001790375
Tempo gasto para construir o Refinamento: 0.026704000003519468
Tempo gasto para construir o RSO: 6.577708700002404
