idCorredor: 31, 218, 331, 317, 63, 145, 286, 119, 310, 230, 226, 287, 80
itensDePedidosAtendidos: 30, 32, 48, 75, 82, 99, 103, 114, 119, 183, 191, 218, 226, 248, 270, 276, 37, 97, 108, 142, 163, 195, 224, 312, 52, 70, 133, 8, 12, 51, 85, 141, 209, 317, 169, 203, 227, 43, 89, 100, 176, 206, 269, 47, 49, 93, 150, 161, 166, 199, 208, 308, 5, 190, 216, 245, 259, 261, 36, 54, 232, 277, 53, 110, 137, 167, 323, 27, 76, 196, 197, 214, 66, 73, 301, 205, 280
pedidosAtendidos: 89, 98, 131, 4, 69, 101, 103, 76, 108, 111, 112, 81, 114, 25, 26, 123, 61
tamanho: 86
score: 6.615384615384615
Tempo gasto para construir o RSO: 12.015286200003175

Heuristica
Score: 1.3409090909090908
Tempo: 0.011500499997055158

Heuristica Refinamento
Score: 1.4308943089430894
Tempo: 0.022604899997531902
