idAccess: 1, 3
itensDePedidosAtendidos: 0, 1, 2, 4, 3
pedidosAtendidos: 0, 1, 2, 4
totalUnidades: 10
score: 5.0
Tempo gasto para construir o RSO: 0.06823660002555698

Heuristica
Score: 5.0
Tempo: 6.81999372318387e-05

Heuristica Refinamento
Score: 5.0
Tempo: 0.00017549993935972452
