idAccess: 159, 124, 50, 24, 49, 125, 262, 16, 78, 286, 90, 248, 88, 2, 169, 180, 70, 0, 126, 77, 236, 47, 52, 114, 258, 40, 80, 155, 41, 79, 13, 31, 150, 216, 284, 102, 232, 60, 42, 263, 165, 10, 1, 122, 137, 238, 33, 279, 104
itensDePedidosAtendidos: 0, 12, 20, 65, 86, 103, 106, 122, 125, 128, 138, 139, 179, 207, 59, 76, 95, 99, 132, 140, 148, 157, 197, 206, 216, 66, 111, 159, 221, 33, 131, 156, 180, 28, 71, 189, 35, 58, 166, 177, 45, 13, 96, 126, 53, 109, 133, 161, 165, 173, 174, 195, 215, 46, 152, 204, 32, 114, 145, 158, 198, 200, 93, 69, 123, 193, 219, 188, 205, 30, 78, 97, 190, 196, 16, 170, 218, 9, 57, 62, 135, 151, 48, 80, 100, 162, 7, 52, 44, 149, 23, 153, 210, 42, 68, 203, 15, 112, 181, 26, 39, 72, 185, 3, 60, 82, 108, 56, 98, 175, 75, 167, 209, 81, 85, 182, 24, 50, 73, 171, 83, 117, 214, 40, 94, 164, 41, 74, 115, 89, 116, 14, 29, 31, 79, 64, 77, 87, 183, 113, 124, 18, 22, 199, 54, 92, 120, 212, 163, 134, 194
pedidosAtendidos: 1, 3, 6, 9, 12, 13, 17, 19, 24, 25, 31, 32, 33, 36, 38, 42, 43, 44, 47, 51, 53, 54, 55, 57, 59, 64, 67, 69
totalUnidades: 133
score: 2.7142857142857144
Tempo gasto para construir o RSO: 5.517594800097868

Heuristica
Score: 0.695852534562212
Tempo: 0.011530299903824925

Heuristica Refinamento
Score: 0.8693181818181818
Tempo: 0.03588469990063459
