idAccess: 124, 123, 50, 287, 125, 229, 78, 286, 274, 277, 161, 17, 136, 88, 169, 180, 70, 0, 126, 144, 250, 236, 47, 52, 114, 258, 5, 8, 69, 80, 37, 155, 113, 79, 61, 81, 242, 278, 31, 222, 150, 216, 102, 232, 60, 7, 95, 263, 299, 4, 168, 219, 1, 224, 54, 205, 213, 162, 33, 208, 273, 269, 116, 104
itensDePedidosAtendidos: 20, 59, 76, 95, 99, 132, 140, 148, 157, 197, 206, 216, 12, 28, 33, 46, 65, 122, 125, 151, 166, 179, 66, 103, 106, 111, 159, 221, 86, 96, 156, 218, 35, 58, 128, 177, 139, 180, 210, 53, 109, 133, 161, 165, 173, 174, 195, 0, 131, 215, 37, 41, 50, 88, 92, 145, 2, 14, 40, 75, 167, 185, 135, 189, 138, 107, 158, 198, 200, 93, 69, 188, 193, 205, 30, 78, 97, 190, 196, 16, 170, 9, 32, 57, 62, 67, 112, 142, 175, 71, 7, 52, 44, 149, 23, 152, 153, 42, 68, 80, 100, 203, 15, 181, 123, 137, 199, 91, 105, 168, 169, 3, 60, 82, 108, 73, 56, 98, 26, 39, 136, 81, 85, 182, 192, 5, 127, 178, 49, 176, 84, 171, 155, 214, 83, 117, 94, 164, 74, 115, 89, 114, 116, 29, 31, 10, 184, 64, 77, 87, 90, 147, 6, 213, 17, 150, 183, 18, 22, 172, 191, 163, 25, 1, 146, 48, 51, 212, 194
pedidosAtendidos: 1, 3, 4, 7, 8, 9, 12, 13, 15, 17, 19, 21, 23, 24, 26, 28, 31, 32, 33, 34, 37, 38, 39, 40, 42, 47, 49, 50, 51, 55, 56, 57, 58, 59, 62, 63, 64, 65, 67, 68, 69
totalUnidades: 150
score: 2.34375
Tempo gasto para construir a Heuristica: 0.02333590000489494
Tempo gasto para construir o Refinamento: 0.02818660000048112
Tempo gasto para construir o RSO: 8.447124600003008
