idAcess: 70, 16, 61, 91, 26, 58, 60, 7, 47, 121, 23, 46
itensDePedidosAtendidos: 16, 31, 32, 51, 55, 57, 61, 64, 65, 71, 87, 88, 90, 99, 105, 112, 120, 128, 129, 134, 137, 138, 144, 153, 162, 175, 181, 188, 208, 210, 218, 240, 242, 4, 35, 59, 73, 85, 113, 205, 231, 53, 66, 114, 127, 142, 157, 164, 183, 189, 190, 204, 211, 213, 146, 160, 168, 227, 239, 8, 107, 118, 148, 150, 165, 178, 198, 201, 212, 230, 12, 13, 63, 76, 84, 91, 170, 196, 215, 228, 17, 89, 111, 131, 149, 158, 192, 199, 206, 244, 33, 135, 219, 26, 86, 161, 179, 180, 184, 9, 45, 60, 171, 177, 236, 23, 70, 122, 222, 243
pedidosAtendidos: 33, 34, 3, 66, 5, 72, 41, 10, 11, 44, 13, 46, 74, 19, 22, 55, 56, 29
totalUnidades: 97
score: 8.083333333333334
Tempo Gasto Heuristica: 0.007906799961347133
Tempo Gasto RSO: 0.8103180000325665
