idAcess: 70, 43, 102, 63, 61, 91, 66, 83, 58, 99, 109, 89
itensDePedidosAtendidos: 16, 31, 32, 51, 55, 57, 61, 64, 65, 71, 87, 88, 90, 99, 105, 112, 120, 128, 129, 134, 137, 138, 144, 153, 162, 175, 181, 188, 208, 210, 218, 240, 242, 6, 47, 85, 163, 169, 186, 231, 245, 35, 80, 115, 135, 145, 217, 8, 69, 107, 118, 150, 165, 178, 198, 201, 209, 212, 219, 230, 243, 53, 66, 114, 127, 142, 157, 164, 183, 189, 190, 204, 211, 213, 146, 160, 168, 227, 239, 7, 49, 86, 89, 96, 111, 132, 139, 176, 179, 187, 195, 220, 5, 11, 19, 20, 30, 123, 155, 197, 207, 241, 12, 13, 63, 76, 84, 91, 170, 196, 215, 228, 26, 62, 77, 78, 82, 140, 199, 93, 131, 166, 70, 117, 185
pedidosAtendidos: 3, 4, 9, 11, 19, 20, 21, 22, 26, 29, 33, 41, 47, 53, 55, 56, 57, 62, 63, 72, 74, 78
totalUnidades: 105
score: 8.75
Tempo Gasto Heuristica: 0.05091340001672506
Tempo Gasto RSO: 1.964294900011737
