idCorredor: 87, 262, 78, 0, 114, 40, 41, 6, 42, 299, 10, 73, 269, 167
itensDePedidosAtendidos: 12, 33, 46, 65, 86, 125, 126, 128, 139, 148, 152, 197, 206, 20, 28, 45, 111, 159, 179, 53, 109, 133, 161, 165, 173, 174, 195, 9, 32, 57, 62, 158, 42, 68, 80, 100, 203, 26, 39, 72, 185, 75, 167, 209, 114, 145, 181, 79, 182, 90, 147, 113, 124, 61, 130, 198, 48, 170, 10, 94
pedidosAtendidos: 64, 1, 2, 68, 5, 69, 42, 44, 19, 21, 24, 25, 57
tamanho: 53
score: 3.7857142857142856
Tempo gasto para construir o RSO: 600.0584856000005

Heuristica
Score: 0.695852534562212
Tempo: 0.012119999999413267

Heuristica Refinamento
Score: 0.8693181818181818
Tempo: 0.03724289999991015
