idAcess: 16, 102, 61, 91, 86, 58, 60, 7, 44, 121, 23, 46
itensDePedidosAtendidos: 4, 31, 32, 35, 51, 55, 59, 61, 71, 73, 85, 90, 99, 112, 113, 128, 134, 137, 138, 144, 181, 205, 218, 231, 242, 64, 65, 80, 87, 88, 105, 115, 120, 129, 135, 145, 162, 175, 217, 245, 53, 66, 114, 127, 142, 157, 164, 183, 189, 190, 204, 211, 213, 146, 153, 160, 168, 227, 239, 15, 19, 26, 28, 74, 86, 89, 106, 179, 191, 215, 12, 13, 63, 76, 84, 91, 170, 196, 228, 17, 111, 131, 149, 158, 192, 199, 206, 244, 33, 107, 118, 150, 165, 198, 201, 219, 48, 77, 97, 193, 226, 9, 45, 60, 171, 177, 236, 23, 70, 122, 222, 178, 243
pedidosAtendidos: 4, 8, 9, 10, 11, 13, 19, 22, 24, 27, 29, 33, 34, 46, 55, 56, 60, 63, 66, 72, 74
totalUnidades: 105
score: 8.75
Tempo Gasto Heuristica: 0.04214900004444644
Tempo Gasto RSO: 3.6826424000319093
