idCorredor: 16, 102, 61, 86, 58, 99, 7, 89, 46
itensDePedidosAtendidos: 4, 31, 32, 35, 51, 55, 59, 61, 71, 73, 85, 90, 99, 112, 113, 128, 134, 137, 138, 144, 181, 205, 218, 231, 242, 64, 65, 80, 87, 88, 105, 115, 120, 129, 135, 145, 162, 175, 217, 245, 53, 66, 114, 127, 142, 157, 164, 183, 189, 190, 204, 211, 213, 15, 19, 26, 28, 74, 86, 89, 106, 179, 191, 215, 12, 13, 63, 76, 84, 91, 170, 196, 228, 62, 77, 78, 82, 96, 139, 140, 199, 33, 107, 118, 150, 165, 198, 201, 219, 70, 117, 185, 178, 243
pedidosAtendidos: 33, 66, 4, 72, 9, 10, 13, 78, 19, 22, 55, 56, 57, 27, 29, 63
tamanho: 85
score: 9.444444444444445
Tempo gasto para construir o RSO: 6.017289999999775

Heuristica
Score: 1.4782608695652173
Tempo: 0.0038884999994479585

Heuristica Refinamento
Score: 2.5365853658536586
Tempo: 0.007016999999905238
