idAcess: 386
itensDePedidosAtendidos: 69, 136, 153, 191, 202, 225, 303, 473, 519, 525, 532, 671, 673, 685, 753, 762, 853, 854, 900, 945, 1033, 1135, 1141, 1164, 1222, 1228, 1266, 1344, 1491, 1520, 1532, 1572, 1615, 1643, 1644, 1649, 1660, 1695, 1735, 1810, 1900, 1943, 2060, 2095, 2174, 2221, 2301, 2341, 2344, 2350, 2376, 2420, 2439, 2512, 2599, 2620, 2648, 2792, 2826, 2853, 2868, 2899, 2901, 2954, 3012, 3109, 3166, 3243, 3254, 3391, 3467, 3564, 3570, 3629, 3632, 3826, 3924, 3993, 4081, 4110, 4122, 4138, 4242, 4268, 4287, 4327, 4363, 4381, 4416, 4546, 4581, 4629, 4652, 4723, 4801, 4841, 4880, 4881, 4946, 4948, 4954, 4959, 5007, 5030, 5034, 5110, 5202, 5242, 5255, 5306, 5334, 5371, 5393, 5403, 5529, 5692, 5859, 6016, 6120, 6136, 6151, 6158, 6338, 6405, 6418, 6424, 6468, 6482, 6495, 6508, 6562, 6594
pedidosAtendidos: 1, 6147, 1029, 6663, 7178, 4107, 4112, 7185, 3602, 7189, 536, 3612, 6686, 2595, 3622, 551, 41, 5163, 44, 6706, 1075, 52, 2105, 3131, 2624, 2122, 3658, 5195, 6731, 80, 6739, 4181, 5205, 2137, 3170, 109, 3695, 3702, 3703, 7296, 3713, 4742, 135, 5772, 1677, 1167, 3727, 5778, 7314, 153, 2201, 4254, 674, 3240, 4269, 6837, 7355, 188, 3772, 1727, 3775, 2249, 6348, 5837, 719, 4305, 6366, 735, 5859, 740, 3814, 2791, 1768, 3308, 2801, 6904, 3839, 5890, 6406, 4873, 780, 1804, 5389, 5390, 2323, 4374, 1822, 3877, 5926, 4906, 2349, 1839, 5423, 4403, 823, 6462, 6976, 4932, 5453, 6477, 4439, 858, 3937, 870, 364, 1903, 2938, 4484, 4489, 7057, 915, 5525, 2970, 415, 6048, 5025, 4521, 2986, 6058, 5548, 6059, 6571, 3505, 4529, 2490, 961, 1986, 4036, 4573, 497, 5105, 1015, 1528, 6138, 6652, 1535
totalUnidades: 149
score: 149.0
Tempo Gasto Heuristica: 5.712454400025308
Tempo Gasto RSO: 319.52199239999754
