idCorredor: 7
itensDePedidosAtendidos: 0
pedidosAtendidos: 1
tamanho: 2
score: 2.0
Tempo gasto para construir o RSO: 12.00992569999653

Heuristica
Score: 0.5
Tempo: 5.610000516753644e-05

Heuristica Refinamento
Score: 1.0
Tempo: 0.00010630000178935006
