idAccess: 71, 97, 43
itensDePedidosAtendidos: 11, 17, 28, 40, 52, 54, 55, 56, 62, 75, 77, 80, 83, 90, 92, 106, 109, 113, 119, 130, 134, 141, 5, 6, 7, 12, 16, 39, 43, 69, 87, 105, 114, 128, 139, 146, 22, 58, 68, 104, 126
pedidosAtendidos: 41, 42, 11, 46, 19, 55, 23, 24, 57, 26, 60, 29
totalUnidades: 45
score: 15.0
Tempo gasto para construir o RSO: 0.5783223999897018

Heuristica
Score: 1.2765957446808511
Tempo: 0.002031999989412725

Heuristica Refinamento
Score: 2.4
Tempo: 0.00317949999589473
