idAcess: 282, 54, 142, 193, 40, 292, 303, 14, 178, 127, 123, 66, 161, 65, 215, 145, 271, 15, 128, 36, 119, 203, 170, 293, 212, 20, 183, 317, 214, 167, 83, 19, 147, 337, 204, 87, 31, 257, 4, 133, 10, 146, 234, 194, 139, 75, 260, 181, 41, 42, 50, 64, 28, 275, 115, 49, 46, 192, 93, 340, 197, 296, 226, 89, 151, 118, 291, 165, 57, 107, 180, 60, 68, 245, 255, 318, 34, 208, 5, 217, 189, 263
itensDePedidosAtendidos: 110, 146, 280, 323, 121, 158, 250, 265, 30, 99, 103, 108, 176, 183, 191, 219, 270, 312, 320, 336, 166, 208, 234, 238, 258, 297, 94, 95, 213, 113, 243, 308, 2, 3, 7, 11, 56, 84, 326, 27, 87, 101, 138, 122, 137, 10, 144, 162, 167, 230, 181, 231, 267, 46, 159, 39, 74, 92, 199, 150, 154, 278, 299, 314, 43, 89, 100, 206, 269, 62, 71, 126, 182, 239, 210, 305, 15, 36, 91, 118, 5, 190, 216, 245, 259, 261, 29, 127, 202, 217, 251, 123, 207, 227, 248, 232, 8, 12, 51, 85, 114, 141, 142, 209, 317, 54, 60, 180, 325, 246, 294, 193, 264, 34, 192, 200, 226, 252, 106, 306, 111, 285, 288, 211, 201, 32, 48, 75, 82, 119, 218, 276, 6, 19, 168, 88, 316, 315, 79, 233, 328, 112, 322, 61, 135, 335, 139, 296, 332, 189, 330, 24, 52, 195, 134, 157, 204, 78, 147, 149, 321, 13, 58, 120, 178, 266, 283, 41, 124, 221, 262, 331, 185, 282, 83, 42, 153, 235, 236, 244, 76, 196, 197, 214, 0, 90, 109, 304, 128, 155, 271, 21, 291, 104, 205, 64, 107, 253, 254, 86, 156, 16, 133, 334, 240, 301, 179, 289, 67, 70, 187, 268, 80, 290, 26, 129, 222, 35, 160
pedidosAtendidos: 3, 4, 5, 8, 9, 10, 15, 16, 17, 20, 23, 25, 26, 30, 31, 32, 33, 38, 40, 46, 47, 51, 54, 55, 56, 59, 69, 73, 75, 76, 81, 82, 83, 84, 89, 91, 92, 101, 102, 103, 106, 107, 111, 112, 113, 114, 116, 117, 118, 119, 121, 124, 125, 127, 128, 130, 132
totalUnidades: 176
score: 2.1463414634146343
Tempo Gasto Heuristica: 0.4474699000129476
Tempo Gasto RSO: 94.96533839998301
