idAcess: 87, 124, 123, 50, 287, 125, 229, 286, 90, 160, 197, 196, 277, 161, 248, 88, 2, 169, 180, 201, 0, 111, 144, 250, 236, 47, 52, 114, 283, 8, 280, 155, 41, 113, 79, 100, 94, 295, 150, 235, 216, 146, 232, 27, 7, 10, 133, 224, 149, 86, 119, 162, 200, 33, 269, 30, 188, 101
itensDePedidosAtendidos: 12, 33, 46, 65, 86, 125, 126, 128, 139, 148, 152, 197, 206, 20, 59, 76, 95, 99, 132, 140, 157, 216, 28, 122, 151, 166, 179, 66, 103, 106, 111, 159, 221, 96, 156, 218, 35, 58, 177, 180, 210, 0, 131, 215, 204, 154, 27, 36, 16, 118, 2, 14, 40, 75, 167, 185, 135, 189, 32, 114, 145, 158, 198, 200, 93, 69, 123, 193, 219, 188, 205, 30, 78, 97, 190, 196, 41, 61, 107, 9, 57, 62, 101, 67, 112, 142, 175, 71, 7, 52, 44, 149, 23, 153, 42, 68, 80, 100, 203, 213, 91, 105, 168, 169, 8, 82, 94, 108, 56, 98, 72, 209, 26, 39, 133, 136, 81, 85, 182, 74, 150, 212, 15, 92, 110, 24, 29, 83, 117, 214, 10, 48, 60, 164, 183, 89, 116, 155, 184, 113, 124, 141, 172, 217, 201, 187, 202, 191, 31, 220, 163, 170, 119, 144, 64, 146
pedidosAtendidos: 1, 2, 3, 5, 6, 9, 10, 12, 15, 18, 19, 23, 27, 28, 31, 32, 33, 34, 38, 42, 44, 46, 47, 49, 50, 51, 59, 60, 61, 62, 68, 69
totalUnidades: 144
score: 2.4827586206896552
Tempo Gasto Heuristica: 0.07102899998426437
Tempo Gasto RSO: 15.674595799995586
