idAccess: 54, 23, 19, 38, 27, 90, 16, 10, 88, 12, 48, 67, 74, 32, 46
itensDePedidosAtendidos: 2, 21, 37, 46, 49, 7, 12, 13, 34, 14, 17, 19, 40, 10, 16, 25, 35, 42, 4, 24, 43, 38, 52, 57, 28, 51, 0, 39, 8, 33, 36, 45, 48, 20, 31, 9
pedidosAtendidos: 1, 4, 8, 10, 11, 12, 14
totalUnidades: 36
score: 2.4
Tempo gasto para construir a Heuristica: 0.001421299995854497
Tempo gasto para construir o Refinamento: 0.0008364000022993423
Tempo gasto para construir o RSO: 0.5064617999960319
