idAcess: 1, 3
itensDePedidosAtendidos: 0, 1, 2, 4, 3
pedidosAtendidos: 0, 1, 2, 4
totalUnidades: 10
score: 5.0
Tempo Gasto Heuristica: 6.769999163225293e-05
Tempo Gasto RSO: 0.05513310001697391
