idAcess: 31, 142, 290, 30, 63, 145, 291, 237, 21, 101, 20, 233, 274, 214, 213, 184, 238, 114, 241, 168, 202, 178, 2, 193, 119, 165, 261, 300, 58, 100, 328, 69, 275, 227, 337, 179, 128, 226, 174, 188, 14, 26, 147, 287, 116, 185, 38, 236, 123
itensDePedidosAtendidos: 30, 32, 48, 75, 82, 99, 103, 114, 119, 183, 191, 218, 226, 248, 270, 276, 108, 176, 219, 312, 320, 336, 2, 7, 62, 77, 189, 198, 199, 250, 285, 297, 326, 11, 36, 80, 211, 214, 232, 299, 333, 85, 142, 169, 203, 227, 43, 89, 100, 206, 269, 12, 128, 155, 192, 271, 1, 91, 95, 134, 241, 278, 136, 16, 51, 67, 228, 303, 172, 204, 311, 56, 166, 223, 274, 54, 60, 167, 180, 314, 325, 81, 120, 186, 253, 200, 69, 152, 230, 235, 238, 281, 222, 245, 258, 265, 6, 116, 109, 110, 225, 286, 84, 157, 121, 122, 137, 40, 147, 150, 178, 256, 208, 234, 5, 190, 216, 259, 261, 21, 280, 291, 129, 243, 10, 112, 158, 240, 143, 201, 39, 207, 239, 264, 205, 266, 296, 35, 113, 177, 323, 111, 288, 27, 15, 76, 196, 197, 74, 106, 145, 255, 153, 168, 87, 101, 138, 3, 188, 306, 66, 73, 301, 19, 79, 233, 220, 275, 94, 213, 181, 231
pedidosAtendidos: 128, 131, 4, 14, 15, 16, 17, 20, 21, 23, 25, 31, 38, 42, 43, 56, 60, 62, 69, 73, 75, 76, 81, 82, 84, 89, 90, 91, 101, 102, 103, 105, 106, 107, 111, 112, 114, 116, 117, 118, 119, 122, 123, 125
totalUnidades: 163
score: 3.326530612244898
Tempo Gasto Heuristica: 0.08338580001145601
Tempo Gasto RSO: 12.162737499980722
