idAcess: 54, 2, 23, 28, 70, 27, 90, 16, 72, 39, 74, 45, 32, 46, 42, 56
itensDePedidosAtendidos: 2, 21, 37, 46, 49, 5, 11, 18, 19, 50, 7, 12, 13, 34, 1, 25, 32, 48, 31, 41, 42, 44, 35, 4, 24, 43, 38, 52, 57, 3, 51, 0, 39, 20, 15, 53, 9, 58, 36
pedidosAtendidos: 3, 8, 10, 11, 12, 15
totalUnidades: 35
score: 2.1875
Tempo Gasto Heuristica: 0.001210999966133386
Tempo Gasto RSO: 0.3290530000231229
