idAccess: 21
itensDePedidosAtendidos: 6
pedidosAtendidos: 6
totalUnidades: 1
score: 1.0
Tempo gasto para construir a Heuristica: 0.0003502999970805831
Tempo gasto para construir o Refinamento: 6.929999653948471e-05
Tempo gasto para construir o RSO: 0.048510099994018674
