idAcess: 1
itensDePedidosAtendidos: 9, 22, 29, 71, 84, 98, 105, 107, 117, 120, 125, 127, 133, 134, 155, 163, 173, 182, 189, 190, 195, 197, 212, 216, 219, 238, 244, 249, 292, 299, 336, 361, 368, 378, 380, 388, 392
pedidosAtendidos: 0, 136, 264, 138, 266, 16, 27, 412, 288, 416, 290, 291, 44, 316, 318, 328, 201, 203, 331, 333, 78, 335, 209, 84, 85, 213, 343, 93, 222, 356, 106, 109, 239, 114, 374, 381, 127
totalUnidades: 37
score: 37.0
Tempo Gasto Heuristica: 0.058897599985357374
Tempo Gasto RSO: 0.6873886000248604
