idAccess: 43
itensDePedidosAtendidos: 6, 31, 32, 47, 51, 55, 57, 61, 65, 71, 85, 88, 105, 112, 120, 128, 134, 137, 163, 169, 175, 186, 231, 242, 245
pedidosAtendidos: 72, 29
totalUnidades: 12
score: 12.0
Tempo gasto para construir a Heuristica: 0.012664200003200676
Tempo gasto para construir o Refinamento: 0.003961200003686827
Tempo gasto para construir o RSO: 0.4149727999974857
