idAcess: 218, 331, 181, 63, 145, 237, 286, 41, 327, 101, 206, 262, 104, 329, 249, 184, 238, 45, 271, 85, 225, 202, 0, 15, 178, 107, 120, 119, 91, 250, 310, 23, 226, 174, 148, 113, 94, 315, 123, 341
itensDePedidosAtendidos: 30, 37, 97, 99, 108, 119, 142, 163, 183, 191, 195, 218, 224, 312, 32, 52, 70, 82, 114, 133, 248, 24, 43, 85, 226, 169, 203, 227, 89, 100, 103, 176, 206, 269, 1, 62, 91, 95, 134, 199, 241, 278, 297, 326, 47, 49, 93, 150, 161, 166, 208, 308, 7, 19, 56, 157, 204, 299, 15, 83, 84, 109, 131, 225, 12, 16, 51, 67, 228, 303, 6, 182, 249, 301, 20, 76, 129, 160, 207, 222, 101, 116, 158, 211, 316, 323, 147, 234, 250, 200, 270, 69, 152, 230, 235, 238, 281, 314, 39, 105, 175, 71, 126, 138, 239, 3, 18, 189, 115, 264, 325, 327, 333, 9, 113, 244, 280, 282, 210, 305, 121, 122, 137, 64, 107, 110, 253, 254, 11, 80, 5, 190, 216, 245, 259, 261, 41, 260, 284, 321, 331, 21, 59, 170, 277, 36, 54, 232, 35, 81, 27, 196, 197, 214, 74, 106, 145, 255, 123, 153, 258, 171, 179, 98, 193, 181, 231, 94, 213
pedidosAtendidos: 3, 4, 131, 132, 15, 20, 21, 23, 25, 30, 31, 35, 36, 38, 42, 54, 56, 60, 61, 69, 70, 75, 76, 82, 85, 89, 91, 98, 99, 102, 103, 105, 106, 107, 108, 111, 112, 114, 115, 116, 117, 119, 125
totalUnidades: 164
score: 4.1
Tempo Gasto Heuristica: 0.15432949998648837
Tempo Gasto RSO: 21.300509400025476
