idAcess: 16, 102, 63, 61, 91, 58, 78, 46, 6
itensDePedidosAtendidos: 4, 31, 32, 35, 51, 55, 59, 61, 71, 73, 85, 90, 99, 112, 113, 128, 134, 137, 138, 144, 181, 205, 218, 231, 242, 64, 65, 80, 87, 88, 105, 115, 120, 129, 135, 145, 162, 175, 217, 245, 8, 69, 107, 118, 150, 165, 178, 198, 201, 209, 212, 219, 230, 243, 53, 66, 114, 127, 142, 157, 164, 183, 189, 190, 204, 211, 213, 146, 153, 160, 168, 227, 239, 12, 13, 63, 76, 84, 91, 170, 196, 215, 228, 2, 18, 26, 70, 106, 119, 124, 179, 194, 38, 60
pedidosAtendidos: 33, 34, 3, 4, 66, 72, 9, 74, 11, 13, 45, 19, 52, 22, 56, 29, 62, 63
totalUnidades: 89
score: 9.88888888888889
Tempo Gasto Heuristica: 0.05106829997384921
Tempo Gasto RSO: 2.445013199991081
