idAccess: 18
itensDePedidosAtendidos: 0, 36, 37, 39, 43, 55, 67, 82, 97, 101, 111, 124, 125, 134, 140, 151, 161, 164, 194, 195, 201, 216, 220, 224, 225, 226, 266, 278, 284, 298, 299, 301, 305, 323, 339, 343, 352, 365, 374, 378, 390, 395
pedidosAtendidos: 128, 257, 3, 136, 268, 398, 16, 152, 153, 26, 154, 155, 411, 33, 171, 45, 47, 49, 52, 183, 312, 318, 64, 192, 203, 78, 217, 92, 221, 350, 227, 101, 103, 232, 364, 110, 368, 113, 241, 369, 377, 381
totalUnidades: 42
score: 42.0
Tempo gasto para construir a Heuristica: 0.039777699996193405
Tempo gasto para construir o Refinamento: 0.011322799997287802
Tempo gasto para construir o RSO: 1.1912295000001905
