idAccess: 54, 23, 19, 38, 27, 90, 16, 10, 88, 12, 48, 67, 74, 32, 46
itensDePedidosAtendidos: 2, 21, 37, 46, 49, 7, 12, 13, 34, 14, 17, 19, 40, 10, 16, 25, 35, 42, 4, 24, 43, 38, 52, 57, 28, 51, 0, 39, 8, 33, 36, 45, 48, 20, 31, 9
pedidosAtendidos: 1, 4, 8, 10, 11, 12, 14
totalUnidades: 36
score: 2.4
Tempo gasto para construir o RSO: 0.37426819998654537

Heuristica
Score: 0.543859649122807
Tempo: 0.001305099984165281

Heuristica Refinamento
Score: 0.6666666666666666
Tempo: 0.002109199995175004
