idAccess: 159, 87, 50, 24, 287, 49, 262, 16, 78, 286, 274, 277, 2, 180, 0, 236, 47, 52, 114, 258, 283, 40, 280, 155, 41, 79, 100, 13, 242, 235, 216, 102, 232, 7, 42, 263, 165, 299, 10, 1, 22, 224, 73, 137, 218, 187, 200, 33, 273, 269
itensDePedidosAtendidos: 0, 12, 20, 65, 86, 103, 106, 122, 125, 128, 138, 139, 179, 207, 33, 46, 126, 148, 152, 197, 206, 66, 111, 159, 221, 131, 132, 156, 157, 180, 96, 151, 218, 28, 59, 71, 189, 45, 13, 58, 53, 109, 133, 161, 165, 173, 174, 195, 95, 215, 37, 41, 50, 88, 92, 145, 2, 14, 40, 75, 167, 185, 32, 69, 123, 193, 198, 219, 30, 78, 97, 190, 196, 9, 57, 62, 158, 7, 52, 44, 149, 23, 153, 210, 216, 42, 68, 80, 100, 203, 15, 112, 181, 213, 26, 39, 72, 8, 82, 94, 108, 56, 98, 175, 209, 81, 85, 182, 74, 150, 212, 24, 73, 205, 49, 176, 177, 10, 48, 60, 164, 115, 89, 114, 116, 184, 79, 64, 77, 87, 183, 90, 147, 113, 124, 18, 22, 200, 172, 61, 130, 54, 120, 188, 169, 31, 220, 163, 1, 146, 170
pedidosAtendidos: 1, 2, 3, 5, 6, 9, 10, 12, 15, 19, 21, 24, 25, 32, 33, 34, 36, 37, 40, 42, 44, 47, 50, 51, 53, 54, 55, 57, 58, 59, 63, 64, 68, 69
totalUnidades: 135
score: 2.7
Tempo gasto para construir a Heuristica: 0.03298579999682261
Tempo gasto para construir o Refinamento: 0.031495600000198465
Tempo gasto para construir o RSO: 8.020828100001381
