idAcess: 31, 181, 190, 63, 98, 145, 132, 286, 102, 41, 101, 262, 104, 296, 159, 213, 198, 45, 323, 78, 130, 225, 205, 164, 68, 119, 165, 129, 69, 186, 227, 156, 321, 226, 62, 188, 14, 26, 147
itensDePedidosAtendidos: 30, 32, 48, 75, 82, 99, 103, 114, 119, 183, 191, 218, 226, 248, 270, 276, 24, 43, 52, 85, 108, 195, 7, 86, 109, 158, 196, 210, 245, 250, 282, 299, 326, 142, 169, 203, 227, 312, 39, 101, 166, 167, 178, 225, 268, 277, 293, 332, 89, 100, 176, 206, 269, 29, 102, 124, 127, 202, 251, 310, 315, 321, 47, 49, 93, 150, 161, 199, 208, 308, 155, 173, 320, 19, 56, 134, 157, 204, 297, 12, 16, 51, 67, 228, 303, 20, 76, 84, 129, 160, 207, 222, 70, 232, 236, 244, 278, 280, 6, 71, 137, 261, 314, 81, 120, 186, 241, 253, 54, 294, 295, 105, 175, 238, 35, 180, 212, 31, 239, 258, 145, 193, 265, 15, 115, 264, 325, 327, 323, 10, 111, 201, 240, 301, 5, 190, 216, 259, 21, 91, 291, 60, 130, 170, 316, 205, 4, 257, 113, 177, 11, 13, 79, 187, 328, 27, 197, 214, 313, 110, 153, 168, 87, 138, 3, 121, 188, 106, 306
pedidosAtendidos: 3, 4, 5, 131, 7, 14, 15, 17, 23, 25, 28, 30, 35, 38, 51, 54, 56, 69, 73, 75, 76, 77, 78, 81, 82, 83, 89, 94, 101, 102, 103, 105, 106, 111, 112, 113, 114, 116, 119, 123, 125
totalUnidades: 155
score: 3.9743589743589745
Tempo Gasto Heuristica: 0.09845469996798784
Tempo Gasto RSO: 12.42367639997974
