idAcess: 1, 3
itensDePedidosAtendidos: 0, 1, 2, 4, 3
pedidosAtendidos: 0, 1, 2, 4
totalUnidades: 10
score: 5.0
Tempo Gasto Heuristica: 0.0007865999941714108
Tempo Gasto RSO: 0.039132900012191385
