idCorredor: 1, 3
itensDePedidosAtendidos: 0, 1, 2, 4, 3
pedidosAtendidos: 0, 1, 2, 4
tamanho: 10
score: 5.0
Tempo gasto para construir o RSO: 6.004595099999278

Heuristica
Score: 5.0
Tempo: 5.779999992228113e-05

Heuristica Refinamento
Score: 5.0
Tempo: 0.00022179999905347358
