idAcess: 54, 2, 23, 28, 19, 70, 27, 90, 16, 72, 30, 88, 12, 83, 20, 77, 46, 56, 87, 36, 69
itensDePedidosAtendidos: 2, 21, 37, 46, 49, 5, 11, 18, 19, 50, 7, 12, 13, 34, 1, 25, 32, 48, 14, 17, 40, 31, 41, 42, 44, 35, 4, 24, 43, 38, 52, 57, 3, 51, 58, 0, 39, 8, 33, 16, 26, 15, 54, 9, 36, 29, 55
pedidosAtendidos: 1, 3, 4, 5, 6, 10, 11, 12, 13, 15
totalUnidades: 39
score: 1.8571428571428572
Tempo Gasto Heuristica: 0.005179900035727769
Tempo Gasto RSO: 0.9463777000200935
