idAccess: 31, 60, 317, 30, 63, 145, 291, 327, 329, 61, 84, 205, 107, 68, 119, 210, 268, 227, 53, 174, 338
itensDePedidosAtendidos: 30, 32, 48, 75, 82, 99, 103, 114, 119, 183, 191, 218, 226, 248, 270, 276, 8, 16, 43, 108, 133, 227, 312, 334, 336, 12, 51, 85, 141, 142, 209, 317, 7, 11, 36, 80, 211, 214, 232, 297, 299, 326, 333, 169, 203, 89, 100, 176, 206, 269, 128, 155, 192, 219, 271, 15, 62, 83, 84, 109, 131, 225, 101, 116, 158, 166, 316, 323, 165, 303, 117, 150, 157, 186, 265, 167, 250, 314, 64, 107, 110, 199, 253, 254, 201, 240, 301, 5, 190, 216, 245, 259, 261, 3, 49, 81, 153, 113, 129, 145, 258, 35, 177, 14, 39, 54, 289, 309, 74, 106, 196, 255, 244
pedidosAtendidos: 131, 4, 132, 14, 17, 21, 25, 30, 38, 42, 52, 67, 69, 81, 89, 101, 102, 103, 105, 106, 112, 114, 116, 119, 123, 125
totalUnidades: 105
score: 5.0
Tempo gasto para construir a Heuristica: 0.053041200000734534
Tempo gasto para construir o Refinamento: 0.01656560000265017
Tempo gasto para construir o RSO: 5.517749400001776
