idCorredor: 31, 218, 317, 63, 145, 291, 237, 286, 252, 41, 327, 262, 233, 61, 249, 214, 213, 271, 202, 0, 110, 47, 97, 330, 119, 210, 165, 275, 187, 310, 194, 230, 226, 192, 282, 113, 11, 314, 287, 40, 322
itensDePedidosAtendidos: 30, 32, 48, 75, 82, 99, 103, 114, 119, 183, 191, 218, 226, 248, 270, 276, 37, 97, 108, 142, 163, 195, 224, 312, 8, 12, 51, 85, 141, 209, 317, 169, 203, 227, 43, 89, 100, 176, 206, 269, 128, 155, 192, 219, 271, 1, 62, 91, 95, 134, 199, 241, 278, 297, 326, 47, 49, 93, 150, 161, 166, 208, 308, 23, 7, 19, 56, 157, 204, 299, 15, 83, 84, 109, 131, 225, 20, 76, 129, 160, 207, 222, 172, 311, 165, 303, 147, 234, 250, 54, 60, 167, 180, 314, 325, 81, 120, 186, 253, 71, 126, 138, 182, 239, 333, 9, 113, 244, 280, 282, 11, 106, 168, 332, 53, 101, 121, 210, 33, 116, 214, 229, 22, 35, 39, 178, 201, 5, 190, 216, 245, 259, 261, 3, 153, 158, 21, 291, 266, 296, 36, 171, 277, 232, 6, 61, 135, 335, 110, 137, 323, 27, 196, 197, 238, 146, 145, 258, 111, 230, 318, 72, 130, 66, 73, 301, 94, 213, 2, 316
pedidosAtendidos: 128, 3, 4, 131, 9, 14, 15, 18, 19, 25, 26, 30, 38, 42, 47, 52, 54, 56, 61, 67, 69, 73, 75, 76, 81, 82, 89, 90, 91, 98, 101, 102, 103, 105, 106, 107, 111, 112, 114, 116, 119, 123
tamanho: 167
score: 4.073170731707317
Tempo gasto para construir o RSO: 6.015217600001051

Heuristica
Score: 1.3409090909090908
Tempo: 0.012136999999711406

Heuristica Refinamento
Score: 1.4308943089430894
Tempo: 0.023311099999773433
