idCorredor: 23, 19
itensDePedidosAtendidos: 7, 12, 13, 34, 14, 17, 19, 40
pedidosAtendidos: 10
tamanho: 7
score: 3.5
Tempo gasto para construir o RSO: 600.0362448999986

Heuristica
Score: 0.543859649122807
Tempo: 0.000765300002967706

Heuristica Refinamento
Score: 0.6666666666666666
Tempo: 0.0015901000006124377
