idCorredor: 16, 102, 80, 63, 61, 91, 86, 58, 99, 121, 89
itensDePedidosAtendidos: 4, 31, 32, 35, 51, 55, 59, 61, 71, 73, 85, 90, 99, 112, 113, 128, 134, 137, 138, 144, 181, 205, 218, 231, 242, 64, 65, 80, 87, 88, 105, 115, 120, 129, 135, 145, 162, 175, 217, 245, 17, 22, 24, 26, 75, 89, 111, 131, 179, 185, 220, 222, 223, 228, 244, 8, 69, 107, 118, 150, 165, 178, 198, 201, 209, 212, 219, 230, 243, 53, 66, 114, 127, 142, 157, 164, 183, 189, 190, 204, 211, 213, 146, 153, 160, 168, 227, 239, 15, 19, 28, 74, 86, 106, 191, 215, 12, 13, 63, 76, 84, 91, 170, 196, 62, 77, 78, 82, 96, 139, 140, 199, 9, 45, 60, 171, 177, 236, 70, 117
pedidosAtendidos: 3, 4, 5, 9, 11, 19, 22, 27, 28, 29, 33, 34, 46, 47, 55, 56, 57, 62, 63, 66, 72, 74, 78
tamanho: 106
score: 9.636363636363637
Tempo gasto para construir o RSO: 12.026215600002615

Heuristica
Score: 1.4782608695652173
Tempo: 0.004079099999216851

Heuristica Refinamento
Score: 2.5365853658536586
Tempo: 0.006515299995953683
