idAccess: 1, 3
itensDePedidosAtendidos: 0, 1, 2, 4, 3
pedidosAtendidos: 0, 1, 2, 4
totalUnidades: 10
score: 5.0
Tempo gasto para construir a Heuristica: 0.0001370999962091446
Tempo gasto para construir o Refinamento: 0.00024539999867556617
Tempo gasto para construir o RSO: 0.03830450000532437
