idAcess: 71, 43, 15, 64, 25, 89
itensDePedidosAtendidos: 11, 17, 28, 40, 52, 54, 55, 56, 62, 75, 77, 80, 83, 90, 92, 106, 109, 113, 119, 130, 134, 141, 5, 6, 7, 22, 58, 68, 104, 126, 128, 16, 48, 105, 139, 140, 146, 2, 3, 21, 38, 50, 53, 81, 84, 89, 93, 116, 132, 137, 142, 24, 70, 118, 138, 19, 45, 60, 64, 73, 95, 98, 112, 144, 147
pedidosAtendidos: 33, 2, 37, 6, 38, 39, 41, 46, 52, 57, 26, 60
totalUnidades: 53
score: 8.833333333333334
Tempo Gasto Heuristica: 0.015003100037574768
Tempo Gasto RSO: 1.1602798999520019
