idAccess: 31, 317, 143, 63, 237, 286, 41, 269, 81, 262, 20, 233, 103, 61, 214, 213, 271, 202, 2, 119, 165, 268, 155, 53, 187, 310, 230, 226, 188, 14, 26, 324, 11, 314, 287
itensDePedidosAtendidos: 30, 32, 48, 75, 82, 99, 103, 114, 119, 183, 191, 218, 226, 248, 270, 276, 8, 12, 51, 85, 108, 141, 142, 209, 312, 317, 63, 67, 195, 252, 169, 203, 227, 1, 62, 91, 95, 134, 199, 241, 278, 297, 326, 47, 49, 93, 150, 161, 166, 208, 308, 7, 19, 56, 157, 204, 299, 11, 106, 113, 182, 216, 258, 335, 20, 39, 179, 268, 332, 76, 84, 129, 160, 207, 222, 43, 336, 172, 311, 37, 70, 176, 128, 165, 206, 303, 54, 60, 167, 180, 314, 325, 81, 120, 186, 253, 71, 126, 138, 239, 333, 40, 147, 178, 256, 5, 190, 245, 259, 261, 21, 280, 291, 145, 3, 6, 98, 201, 14, 289, 309, 36, 171, 225, 277, 232, 53, 110, 137, 323, 27, 196, 197, 214, 153, 158, 168, 87, 101, 121, 188, 50, 235, 111, 230, 318, 72, 130, 66, 73, 301
pedidosAtendidos: 131, 4, 9, 14, 15, 18, 20, 25, 26, 38, 42, 43, 54, 56, 61, 63, 67, 69, 70, 73, 75, 76, 81, 82, 89, 90, 98, 102, 103, 105, 106, 107, 110, 111, 112, 114, 116, 123
totalUnidades: 147
score: 4.2
Tempo gasto para construir o RSO: 7.308059399947524

Heuristica
Score: 1.3409090909090908
Tempo: 0.013274399912916124

Heuristica Refinamento
Score: 1.4308943089430894
Tempo: 0.02453219995368272
