idCorredor: 1, 3
itensDePedidosAtendidos: 0, 1, 2, 4, 3
pedidosAtendidos: 0, 1, 2, 4
tamanho: 10
score: 5.0
Tempo gasto para construir o RSO: 12.005560899997363

Heuristica
Score: 5.0
Tempo: 5.3699994168709964e-05

Heuristica Refinamento
Score: 5.0
Tempo: 0.0001607999947736971
