idAcess: 16, 102, 80, 58, 24, 7, 78
itensDePedidosAtendidos: 4, 31, 32, 35, 51, 55, 59, 61, 71, 73, 85, 90, 99, 112, 113, 128, 134, 137, 138, 144, 181, 205, 218, 231, 242, 64, 65, 80, 87, 88, 105, 115, 120, 129, 135, 145, 162, 175, 217, 245, 17, 22, 24, 26, 75, 89, 111, 131, 179, 185, 220, 222, 223, 228, 244, 12, 13, 63, 76, 84, 91, 170, 196, 215, 49, 62, 77, 123, 180, 33, 107, 118, 150, 165, 198, 201, 219, 2, 18, 70, 106, 119, 124, 194
pedidosAtendidos: 33, 4, 72, 9, 10, 45, 47, 19, 22, 57, 28, 29, 63
totalUnidades: 66
score: 9.428571428571429
Tempo Gasto Heuristica: 0.0194416000158526
Tempo Gasto RSO: 1.6317828000173904
