idAccess: 43
itensDePedidosAtendidos: 6, 31, 32, 47, 51, 55, 57, 61, 65, 71, 85, 88, 105, 112, 120, 128, 134, 137, 163, 169, 175, 186, 231, 242, 245
pedidosAtendidos: 72, 29
totalUnidades: 12
score: 12.0
Tempo gasto para construir o RSO: 0.29134170000907034

Heuristica
Score: 1.4782608695652173
Tempo: 0.00851620000321418

Heuristica Refinamento
Score: 2.5365853658536586
Tempo: 0.011002200015354902
