idAcess: 31, 60, 218, 331, 317, 98, 145, 291, 286, 21, 19, 262, 233, 296, 1, 61, 84, 277, 323, 205, 164, 97, 330, 193, 119, 250, 129, 43, 310, 194, 230, 123
itensDePedidosAtendidos: 30, 32, 48, 75, 82, 99, 103, 114, 119, 183, 191, 218, 226, 248, 270, 276, 8, 16, 43, 108, 133, 227, 312, 334, 336, 37, 97, 142, 163, 195, 224, 52, 70, 12, 51, 85, 141, 209, 317, 39, 101, 166, 167, 178, 225, 268, 277, 293, 332, 89, 100, 176, 206, 269, 128, 155, 192, 219, 271, 47, 49, 93, 150, 161, 199, 208, 308, 136, 34, 200, 252, 20, 76, 84, 129, 160, 207, 222, 91, 172, 204, 297, 299, 311, 326, 56, 232, 236, 244, 278, 280, 15, 62, 109, 165, 303, 117, 157, 186, 265, 279, 35, 120, 180, 212, 314, 250, 323, 7, 10, 111, 33, 116, 214, 229, 22, 81, 201, 234, 238, 258, 5, 190, 216, 245, 259, 261, 21, 59, 170, 60, 130, 316, 11, 145, 156, 158, 36, 54, 6, 61, 135, 335, 53, 110, 137, 181, 231
pedidosAtendidos: 0, 4, 7, 9, 14, 19, 25, 26, 28, 30, 31, 52, 54, 56, 58, 61, 67, 69, 76, 81, 82, 89, 101, 103, 105, 107, 108, 112, 114, 117, 119, 123, 125
totalUnidades: 153
score: 4.78125
Tempo Gasto Heuristica: 0.14976890000980347
Tempo Gasto RSO: 21.66434879996814
