idAcess: 18
itensDePedidosAtendidos: 0, 36, 37, 39, 43, 55, 67, 82, 97, 101, 111, 124, 125, 134, 140, 151, 161, 164, 194, 195, 201, 216, 220, 224, 225, 226, 266, 278, 284, 298, 299, 301, 305, 323, 339, 343, 352, 365, 374, 378, 390, 395
pedidosAtendidos: 3, 16, 26, 33, 45, 47, 49, 52, 64, 78, 92, 101, 103, 110, 113, 128, 136, 152, 153, 154, 155, 171, 183, 192, 203, 217, 221, 227, 232, 241, 257, 268, 312, 318, 350, 364, 368, 369, 377, 381, 398, 411
totalUnidades: 42
score: 42.0
Tempo Gasto Heuristica: 0.0477116999682039
Tempo Gasto RSO: 3.7806165000074543
