idAcess: 60
itensDePedidosAtendidos: 3, 15, 22, 35, 42, 44, 60, 71, 76, 83, 105, 106, 123, 166, 188, 193, 258, 264, 293, 335, 358, 365, 368, 381, 417, 443, 462, 469, 486, 502, 533, 540, 547, 551, 576, 586, 588, 605, 607, 616, 620, 642, 654, 708, 754, 761, 771, 785, 808, 809, 849, 852, 861, 862, 864, 892, 893, 902, 903, 905, 908, 913, 921, 959, 965, 1001, 1010, 1041, 1049, 1051, 1052, 1063, 1072, 1074, 1098, 1100, 1107, 1119, 1128, 1138, 1142, 1144, 1148, 1150, 1154, 1158, 1168, 1174, 1180, 1185, 1188, 1213, 1222, 1223, 1226, 1239, 1258, 1263, 1279, 1298, 1305, 1307, 1333, 1337, 1343, 1390, 1391, 1400, 1402, 1403, 1442, 1467, 1502, 1507, 1509, 1513, 1532, 1539, 1589, 1602, 1623, 1635, 1681, 1686, 1692, 1698, 1720, 1737, 1744, 1745, 1748, 1756, 1782, 1785, 1791, 1803, 1832, 1842, 1850, 1857, 1872, 1875, 1882, 1894, 1904, 1907, 1919, 1934, 1937, 1944, 1946, 1955, 1959, 1971, 1997, 2009, 2023, 2032, 2046, 2049, 2052, 2081, 2082, 2102
pedidosAtendidos: 512, 1026, 2060, 1037, 527, 16, 528, 529, 1041, 2072, 1049, 1562, 31, 1569, 1062, 2087, 552, 1065, 42, 557, 2094, 563, 564, 1076, 1587, 2099, 1080, 578, 589, 591, 85, 87, 605, 2143, 2144, 98, 1124, 1125, 1126, 2149, 1640, 1135, 1653, 634, 1661, 638, 126, 2175, 2177, 2182, 653, 1167, 2191, 2202, 155, 670, 681, 172, 1199, 1202, 180, 181, 1204, 1210, 2235, 191, 2240, 705, 1219, 708, 710, 2246, 712, 713, 2250, 722, 214, 726, 220, 735, 1760, 739, 1764, 229, 1766, 234, 1258, 238, 1777, 246, 762, 251, 1282, 261, 773, 1801, 1811, 1304, 1313, 1315, 1831, 809, 1322, 816, 1849, 314, 1340, 829, 318, 1861, 326, 1864, 842, 1868, 338, 1362, 1877, 857, 348, 1373, 1885, 1377, 1889, 867, 356, 873, 1900, 1395, 1908, 374, 1402, 381, 1924, 389, 903, 1416, 1934, 400, 1424, 922, 1440, 1444, 1963, 940, 1454, 432, 434, 1973, 438, 1983, 1477, 2005, 2010, 1501, 2013, 2016, 994, 998, 489, 1002, 1016
totalUnidades: 179
score: 179.0
Tempo Gasto Heuristica: 0.4379225999582559
Tempo Gasto RSO: 4.642862100037746
