idAcess: 31, 60, 317, 30, 143, 124, 291, 237, 286, 19, 248, 206, 262, 233, 103, 61, 249, 214, 213, 271, 0, 335, 107, 97, 68, 119, 165, 250, 227, 53, 310, 14, 26, 324, 138, 113, 287, 94, 185, 161
itensDePedidosAtendidos: 30, 32, 48, 75, 82, 99, 103, 114, 119, 183, 191, 218, 226, 248, 270, 276, 8, 16, 43, 108, 133, 227, 312, 334, 336, 12, 51, 85, 141, 142, 209, 317, 7, 11, 36, 80, 211, 214, 232, 297, 299, 326, 333, 63, 67, 195, 252, 17, 56, 157, 225, 300, 301, 128, 155, 192, 219, 271, 1, 62, 91, 95, 134, 199, 241, 278, 47, 49, 93, 150, 161, 166, 208, 308, 34, 200, 3, 10, 15, 106, 253, 264, 6, 182, 249, 20, 76, 84, 129, 160, 207, 222, 172, 204, 311, 37, 70, 176, 165, 206, 303, 147, 234, 250, 54, 60, 167, 180, 314, 325, 81, 120, 186, 71, 126, 138, 239, 9, 113, 244, 280, 282, 72, 123, 335, 64, 107, 110, 254, 33, 101, 116, 229, 109, 201, 240, 5, 190, 216, 245, 259, 261, 21, 291, 59, 170, 277, 35, 177, 323, 14, 39, 289, 309, 27, 87, 121, 188, 50, 235, 98, 305, 145, 258, 66, 73, 171, 179, 19, 79, 233, 46, 159
pedidosAtendidos: 4, 9, 14, 16, 17, 19, 20, 23, 25, 26, 32, 36, 38, 42, 52, 54, 56, 61, 63, 64, 66, 67, 69, 70, 75, 76, 79, 81, 82, 89, 90, 102, 103, 105, 106, 107, 110, 112, 114, 115, 116, 119, 123, 125, 127
totalUnidades: 172
score: 4.3
Tempo Gasto Heuristica: 0.08941010001581162
Tempo Gasto RSO: 13.028380499978084
