idAcess: 38
itensDePedidosAtendidos: 25, 26, 30, 32, 47, 57, 74, 83, 88, 96, 106, 122, 123, 126, 132, 139, 154, 156, 166, 189, 201, 203, 223, 224, 235, 241, 248, 256, 258, 267, 279, 280, 284, 290, 293, 298, 309, 314, 315, 330, 341, 379, 381, 394, 401, 415, 416, 444, 445, 454, 458, 478, 483, 494, 500, 533, 559, 566, 571, 586, 601, 640, 642, 649, 656, 669, 693, 698, 701, 717, 786, 789, 802, 852, 862, 883, 885, 890, 903, 921, 948, 965, 966, 976, 977, 990, 1001, 1005, 1021, 1024, 1036, 1063, 1066, 1067, 1074, 1080, 1085, 1097, 1128, 1132, 1149, 1154, 1165, 1178, 1183, 1188, 1195, 1196, 1201, 1218, 1230, 1239, 1253, 1257, 1263, 1279, 1285, 1298, 1312, 1328, 1333, 1348, 1369, 1371, 1380, 1390, 1392, 1399, 1417, 1442, 1448, 1452, 1454, 1497, 1503, 1520, 1586, 1589, 1602, 1608, 1623, 1627, 1657, 1659, 1668, 1671, 1672, 1687, 1692, 1701, 1704, 1744, 1763, 1780, 1788, 1825, 1831, 1848, 1857, 1867, 1882, 1893, 1894, 1905, 1911, 1919, 1939, 1946, 1960, 1968, 1983, 1997, 2000, 2006, 2019, 2020, 2023, 2034, 2039, 2042, 2058, 2066, 2072, 2091
pedidosAtendidos: 12, 14, 20, 24, 34, 60, 81, 87, 107, 108, 132, 141, 144, 178, 179, 215, 243, 248, 282, 296, 301, 318, 334, 339, 340, 341, 352, 356, 366, 375, 389, 393, 402, 428, 431, 449, 460, 475, 487, 501, 513, 520, 524, 534, 536, 537, 543, 547, 555, 565, 586, 600, 608, 623, 634, 676, 681, 708, 710, 722, 729, 744, 756, 760, 774, 799, 801, 806, 807, 817, 825, 826, 829, 831, 842, 857, 947, 957, 962, 979, 984, 985, 988, 1002, 1016, 1045, 1046, 1065, 1069, 1119, 1124, 1131, 1145, 1167, 1178, 1182, 1183, 1199, 1219, 1227, 1231, 1237, 1254, 1258, 1275, 1282, 1315, 1331, 1340, 1353, 1361, 1377, 1382, 1384, 1394, 1395, 1412, 1414, 1431, 1454, 1468, 1477, 1479, 1484, 1485, 1509, 1527, 1542, 1544, 1553, 1587, 1616, 1625, 1645, 1653, 1661, 1688, 1703, 1708, 1733, 1737, 1746, 1750, 1764, 1777, 1778, 1806, 1820, 1830, 1868, 1883, 1910, 1939, 1954, 1966, 1976, 1981, 2019, 2025, 2030, 2037, 2043, 2060, 2070, 2094, 2095, 2099, 2110, 2114, 2122, 2128, 2131, 2132, 2149, 2150, 2156, 2182, 2185, 2191, 2199, 2209, 2211, 2219, 2222
totalUnidades: 202
score: 202.0
Tempo Gasto Heuristica: 1.7938804000150412
Tempo Gasto RSO: 208.97688089997973
