idCorredor: 2, 23
itensDePedidosAtendidos: 5, 11, 18, 19, 50, 7, 12, 13, 34
pedidosAtendidos: 10
tamanho: 7
score: 3.5
Tempo gasto para construir o RSO: 60.01948529999936

--- Momento que achou o melhor ---
Tempo gasto: 7.6045801639556885
Score: 3.5
Quantidade de Interacoes: 646

Heuristica
Score: 0.543859649122807
Tempo: 0.0007523999956902117

Heuristica Refinamento
Score: 0.6666666666666666
Tempo: 0.000800499998149462
