idAcess: 159, 50, 287, 49, 229, 78, 296, 286, 277, 136, 169, 180, 201, 126, 144, 236, 47, 52, 65, 114, 283, 5, 8, 237, 40, 80, 41, 113, 79, 61, 295, 81, 242, 31, 176, 222, 150, 235, 102, 232, 6, 7, 42, 263, 67, 4, 10, 168, 219, 1, 44, 120, 224, 122, 218, 71, 33, 208, 273, 303, 269, 164, 34, 21, 264, 53, 115, 28, 210, 244
itensDePedidosAtendidos: 0, 12, 20, 65, 86, 103, 106, 122, 125, 128, 138, 139, 179, 207, 66, 111, 159, 206, 221, 96, 148, 151, 156, 218, 28, 59, 71, 189, 166, 180, 210, 53, 109, 133, 161, 165, 173, 174, 195, 33, 95, 131, 215, 2, 14, 40, 75, 167, 185, 41, 107, 145, 158, 198, 200, 69, 188, 193, 205, 30, 78, 97, 190, 196, 32, 61, 58, 135, 67, 112, 142, 175, 7, 52, 44, 149, 23, 152, 153, 216, 5, 42, 68, 80, 100, 203, 213, 123, 137, 199, 91, 105, 168, 169, 57, 101, 183, 26, 39, 72, 3, 60, 82, 108, 209, 136, 81, 85, 182, 192, 24, 29, 92, 127, 178, 49, 176, 177, 171, 9, 55, 155, 214, 83, 117, 10, 48, 74, 115, 89, 114, 116, 181, 184, 79, 64, 77, 87, 22, 212, 6, 88, 113, 124, 17, 31, 150, 18, 187, 34, 172, 73, 50, 120, 15, 163, 25, 1, 146, 170, 110, 54, 147, 186, 94
pedidosAtendidos: 1, 3, 4, 5, 7, 8, 9, 12, 13, 15, 18, 19, 20, 23, 24, 25, 28, 32, 33, 34, 36, 37, 39, 40, 42, 44, 47, 50, 51, 53, 55, 57, 58, 59, 62, 63, 64, 65, 68, 69
totalUnidades: 146
score: 2.085714285714286
Tempo Gasto Heuristica: 0.052133799996227026
Tempo Gasto RSO: 19.50259059999371
