idAcess: 30
itensDePedidosAtendidos: 6
pedidosAtendidos: 6
totalUnidades: 1
score: 1.0
Tempo Gasto Heuristica: 0.000202300027012825
Tempo Gasto RSO: 0.012138099991716444
