idAcess: 35
itensDePedidosAtendidos: 9, 49, 69, 114, 133, 145, 169, 216, 226, 274, 285, 298, 303, 314, 315, 327, 355, 367, 368, 376, 390, 393, 402, 404, 409, 413, 414, 437, 439, 452, 462, 482, 492, 498, 499, 504, 507, 539, 540, 553, 557, 570, 596, 597, 599, 629, 644, 647, 659, 674, 677, 685, 733, 738, 743, 749, 757, 759, 783, 786, 791, 796, 820, 841, 845, 878, 884, 886, 897, 904, 906, 910, 912, 937, 969, 972, 973, 974, 977, 983, 996, 997, 1001, 1003, 1015, 1046
pedidosAtendidos: 0, 1, 12, 15, 17, 24, 35, 37, 41, 53, 67, 69, 71, 84, 98, 107, 133, 140, 144, 152, 162, 191, 202, 221, 224, 238, 240, 245, 260, 268, 318, 325, 333, 346, 349, 350, 358, 365, 398, 449, 532, 540, 551, 570, 575, 577, 579, 585, 589, 598, 601, 642, 661, 664, 677, 683, 701, 720, 732, 756, 764, 767, 769, 779, 786, 794, 798, 814, 819, 823, 829, 847, 849, 863, 878, 899, 914, 917, 920, 923, 926, 941, 972, 973, 977, 989, 995, 1011, 1021, 1040, 1051, 1075, 1089, 1097, 1098
totalUnidades: 95
score: 95.0
Tempo Gasto Heuristica: 0.28606289997696877
Tempo Gasto RSO: 40.60325260000536
