idAcess: 159, 87, 24, 49, 89, 16, 78, 296, 160, 277, 248, 88, 169, 70, 0, 236, 47, 52, 65, 114, 8, 40, 80, 155, 79, 61, 186, 295, 300, 81, 242, 176, 150, 284, 102, 232, 6, 265, 7, 230, 263, 67, 4, 10, 121, 219, 44, 133, 224, 205, 73, 86, 137, 218, 71, 119, 162, 187, 200, 243, 33, 145, 208, 273, 303, 269, 105, 253, 167, 30, 164, 231, 57, 3, 240, 139, 163, 255, 14, 101, 170, 179, 191
itensDePedidosAtendidos: 0, 12, 20, 65, 86, 103, 106, 122, 125, 128, 138, 139, 179, 207, 33, 46, 126, 148, 152, 197, 206, 66, 131, 132, 156, 157, 180, 28, 59, 71, 111, 159, 189, 36, 45, 118, 135, 13, 58, 96, 53, 109, 133, 161, 165, 173, 174, 195, 35, 154, 2, 14, 40, 75, 167, 185, 32, 114, 145, 158, 198, 200, 93, 140, 69, 188, 193, 205, 16, 30, 97, 170, 218, 9, 57, 62, 7, 52, 44, 149, 23, 153, 210, 216, 5, 41, 42, 68, 80, 100, 203, 91, 105, 168, 169, 26, 39, 72, 3, 60, 82, 108, 56, 98, 175, 81, 85, 182, 192, 24, 29, 112, 92, 127, 178, 49, 176, 177, 55, 107, 83, 117, 214, 50, 74, 115, 89, 116, 181, 10, 184, 110, 64, 77, 87, 22, 212, 6, 88, 213, 113, 124, 150, 183, 187, 123, 141, 172, 61, 130, 201, 54, 120, 101, 202, 191, 73, 31, 220, 15, 163, 21, 137, 25, 199, 1, 146, 78, 196, 48, 155, 94, 119, 219, 43, 147, 11, 17, 51, 143, 70
pedidosAtendidos: 1, 2, 3, 5, 6, 7, 8, 10, 12, 13, 15, 16, 18, 19, 23, 24, 26, 27, 28, 29, 31, 32, 33, 34, 36, 37, 38, 39, 40, 42, 44, 46, 47, 48, 49, 50, 51, 52, 53, 54, 57, 58, 59, 60, 63, 64, 65, 68, 69
totalUnidades: 152
score: 1.8313253012048192
Tempo Gasto Heuristica: 0.045721700007561594
Tempo Gasto RSO: 12.916548300010618
