idAccess: 16, 102, 63, 61, 91, 58, 89, 46
itensDePedidosAtendidos: 4, 31, 32, 35, 51, 55, 59, 61, 71, 73, 85, 90, 99, 112, 113, 128, 134, 137, 138, 144, 181, 205, 218, 231, 242, 64, 65, 80, 87, 88, 105, 115, 120, 129, 135, 145, 162, 175, 217, 245, 8, 69, 107, 118, 150, 165, 178, 198, 201, 209, 212, 219, 230, 243, 53, 66, 114, 127, 142, 157, 164, 183, 189, 190, 204, 211, 213, 146, 153, 160, 168, 227, 239, 12, 13, 63, 76, 84, 91, 170, 196, 215, 228, 26, 70, 77, 117, 185
pedidosAtendidos: 33, 66, 3, 4, 72, 9, 74, 11, 13, 19, 22, 56, 57, 29, 62, 63
totalUnidades: 84
score: 10.5
Tempo gasto para construir o RSO: 1.1716061000479385

Heuristica
Score: 1.4782608695652173
Tempo: 0.003897799993865192

Heuristica Refinamento
Score: 2.5365853658536586
Tempo: 0.006403699982911348
