idAccess: 101
itensDePedidosAtendidos: 3, 30, 54, 56, 63, 182, 244, 287, 355, 362, 364, 545, 552, 621, 628, 632, 638, 677, 713, 805, 839, 902, 1007, 1020, 1076, 1089, 1171, 1185, 1203, 1211, 1267, 1299, 1361, 1571, 1705, 1832, 1877, 1933, 1941, 1974, 1991, 2014, 2038, 2054, 2075, 2089, 2101, 2166, 2389, 2395, 2417, 2770, 2816, 2856, 2988, 3015, 3099, 3157, 3160, 3200, 3220, 3244, 3266, 3285, 3399, 3455, 3493, 3569, 3577, 3589, 3594, 3613, 3631, 3661, 3841, 3872, 3985, 3991, 4050, 4058, 4138, 4154, 4227, 4262, 4335, 4363, 4380, 4381, 4392, 4516, 4622, 4681, 4706, 4742, 4757, 4831, 4888, 5044, 5150, 5277, 5306, 5345, 5390, 5414, 5442, 5495, 5504, 5519, 5537, 5556, 5647, 5649, 5720, 5877, 5883, 5911, 5944, 6018, 6122, 6182, 6248, 6252, 6373, 6424, 6451, 6483, 6689, 6802, 6852, 6874, 6967, 7072, 7101, 7109, 7230, 7307, 7350, 7372, 7379, 7398, 7415, 7431, 7470
pedidosAtendidos: 2573, 7184, 1553, 8210, 4117, 2587, 3099, 7198, 550, 3629, 2094, 4144, 6711, 7223, 2618, 3651, 4164, 6725, 584, 3150, 7759, 5204, 7255, 2137, 2649, 96, 8290, 2662, 3690, 6251, 3184, 4211, 2168, 6269, 6276, 6788, 1164, 6285, 2703, 4752, 4759, 3224, 6809, 4251, 5276, 158, 2720, 3745, 1186, 4258, 1701, 7335, 1192, 6319, 176, 6836, 3254, 1719, 7353, 1722, 1723, 4296, 2763, 1229, 7373, 724, 5334, 2267, 2270, 7394, 5861, 7912, 6890, 5364, 248, 6905, 1786, 7416, 2300, 6909, 5376, 3329, 7936, 3333, 3850, 2316, 269, 7948, 2320, 3867, 4893, 4384, 3366, 7974, 5417, 1325, 6449, 1334, 1848, 3898, 5445, 4430, 5454, 338, 5986, 6500, 876, 8052, 6518, 1399, 5495, 5496, 4986, 1915, 1917, 895, 6018, 7554, 5514, 5004, 6029, 6541, 1938, 7060, 2455, 2971, 3997, 6055, 5041, 4534, 7617, 3010, 963, 1476, 1995, 1997, 7119, 2512, 4560, 8145, 468, 2006, 988, 6108, 479, 4064, 6636, 3568, 2549, 6647, 3067, 2046
totalUnidades: 161
score: 161.0
Tempo gasto para construir a Heuristica: 4.87644949999958
Tempo gasto para construir o Refinamento: 0.8999743000022136
Tempo gasto para construir o RSO: 36.46493629999895
